1000
463
5996
3095
-2500
-3233
7179
9142
5527
5981
-1603
1184
4813
3432
-4975
4133
-3229
1324
-2418
-3775
1862
7575
1142
-4385
3916
-3128
5333
9182
7805
8441
7520
8289
6473
4279
-163
6521
-2817
-1484
-2793
5770
1421
-3805
-3915
1821
2035
1922
7117
2826
9720
3784
-821
5367
-1497
1536
-1625
8689
-1781
-3149
5615
3724
6478
2479
598
3301
6843
9111
4527
9723
4985
4095
522
2530
6711
-1706
1811
1259
8744
-4096
8575
-4954
3700
-56
2393
4327
9737
8308
1784
8343
-3515
-366
-2392
504
1606
-1279
8130
8059
9813
1133
-2752
1747
3899
5652
2839
3582
-1596
-3655
7337
7206
-922
2436
1885
-3265
9841
1491
-2223
6394
389
6213
-110
5429
-3258
7865
1826
4104
6548
7637
7333
-1030
4547
-2076
-1517
-393
-3326
1751
8445
-1061
-3133
7777
6752
-3127
1315
6589
2429
1333
6881
3635
3632
6631
3345
-3490
2038
-1178
-88
8026
80
6622
8943
5288
3878
3105
1863
7601
4989
1719
7910
2925
789
-2176
3522
801
-3763
-4943
-3604
6264
560
8656
118
-164
4295
5076
8878
-3411
7910
2678
-483
-2578
-4228
-242
-2262
-4821
4012
-1927
-676
4672
-4632
6865
-592
-193
-4921
8465
2268
4690
-4587
-2754
-2281
2046
5870
1992
1657
7830
2593
9069
390
8219
-849
750
4613
7733
6265
-3173
1795
2039
-859
4631
2396
7612
3362
5854
2402
8853
2315
3681
-138
7005
-1471
3146
-3973
9586
8864
1077
5498
-1802
-1604
-722
3788
8847
-335
3169
4154
-373
1947
2373
-4313
-1900
4142
-4706
-2808
-4344
7907
8952
2774
4902
-2938
6495
-1022
-58
1556
6221
9080
1871
5208
8545
248
3147
9967
3571
6982
8604
8040
919
3723
1584
-4303
8997
4903
-2261
2081
838
1685
7112
-2282
3522
9847
-2392
-2589
-587
7548
6107
80
5586
-4636
6409
2427
4762
5620
-1349
7022
5942
4290
-4175
-666
-816
-2448
1985
1460
9490
6988
-230
-2298
-2716
6214
6087
1502
37
1118
3891
2011
9810
-4573
-982
7338
7483
4861
-3429
-1490
9490
880
-4903
6206
-1751
2836
-4829
8484
3510
1659
65
-704
956
-271
6633
-4798
540
-4981
-2822
-2604
9692
458
-1707
583
4223
4207
2280
8960
-2860
-113
1209
4463
8642
-2504
7698
507
-2810
8252
3255
4174
2356
8123
-1997
-1980
8692
2782
3734
-1841
-4834
8542
-4014
5160
991
-2413
8531
3895
8865
4359
6162
2335
8448
4625
581
-3080
4456
5993
1910
-1347
-3724
6062
-58
7630
3265
1466
-520
7422
-3887
-3340
-3503
-2883
-1786
8051
7104
-3064
9548
985
-545
5229
2411
-2507
-2157
285
-1297
8908
9390
-3313
4227
-2828
-1386
3417
3169
848
9087
5742
3705
-278
7040
-1507
3651
-4153
1459
9937
1408
-3742
-845
3418
1623
8207
2723
-1475
-4835
4153
1903
4663
-1019
-2572
9585
6126
-4545
8670
6545
-4131
9229
-42
7561
2031
7576
9551
6250
8038
2701
-666
1273
3101
655
-1840
8938
8138
-170
171
8211
-3568
-4701
-3187
8067
-4772
-4977
-413
-2344
2623
-1177
2042
5313
3839
-4636
-4627
-2381
2757
-4536
-1053
-4831
-4457
4218
9001
-2388
4231
-1906
2094
7116
6292
-4330
-4824
4721
654
-3324
9013
-4391
204
9294
104
7464
1263
-2030
78
-4594
1513
4264
707
2598
-4566
1210
806
-1042
2749
2571
8802
9834
9595
-806
8947
6054
-1416
2664
7861
8534
8353
5231
2410
9128
4543
1797
-2579
4801
6407
-4047
-2413
9388
198
6886
-3570
809
8039
-90
617
-454
-4348
-571
-4086
5752
5751
748
4065
8082
9321
-1856
196
260
-2602
6787
7724
-45
2373
9523
-1124
7330
7506
-1050
5177
4087
-4570
4014
-4555
8215
-891
8204
-2031
-50
-1836
-4836
33
4810
4337
-2984
-3128
156
7105
2220
7718
4395
6447
2070
4889
8644
1968
5278
-417
-1567
-125
6955
-1566
2816
-1549
3858
-273
6716
-189
4417
-927
-74
-391
8976
-1547
8452
7718
1262
-2481
-2406
3344
8068
4030
-3928
8706
-402
-3564
9825
2618
-243
1759
6363
-3802
8287
9136
8452
2052
1232
1931
7805
3454
5076
3494
-4568
8202
1500
1676
-1385
1131
4103
3905
-2181
-2564
7867
-2766
8091
1344
5548
7798
8129
-2428
9646
1769
-4160
9996
8381
-1859
7999
-3049
-1468
9754
7030
-1630
6800
780
6255
1276
-4955
-2877
124
5474
2895
7145
6831
-886
-1013
8872
9935
7727
2832
-242
6882
-4353
-1128
3503
-1642
1063
6341
1280
5605
-659
6204
-1793
6365
5626
-382
2282
-4990
-4508
9690
-3936
5589
-2368
-3218
-2500
9143
-947
-1235
-1276
-4960
5993
-597
4820
-2396
2564
-3640
-2574
8032
-1165
1613
9128
-2891
6203
3032
7609
-582
-1104
-357
3937
2380
-897
-2495
-978
3475
838
8338
-3187
430
-3492
2582
9349
7665
4803
-1297
-285
4239
7042
9987
-2098
1722
9226
4155
2373
7292
9897
-4986
-3620
1188
9801
2644
1363
7097
5248
-583
1782
-1358
8319
8491
7911
-4610
-2054
-2603
354
7065
1377
-3922
-680
7515
4301
-3496
1939
-3034
-980
-4640
-3852
8607
-3677
-3779
401
5330
2317
8733
-2782
-271
4640
-1469
6840
3739
4238
8548
798
675
7315
9808
-4720
3869
7221
7452
8434
425
-3243
6144
7046
7334
-4885
7322
-1968
6074
6459
7764
6763
5965
-1678
5405
1268
-801
1106
-1320
7838
-1852
-3332
6129
4301
3250
-2632
8042
5012
5549
-420
4870
9230
6789
-2575
9097
-1388
3906
3542
-724
2735
-2796
-4476
8147
2042
1259
-4129
8477
2410
1244
7150
7487
-3628
-3342
-723
-1039
1338
6972
-4758
-4483
-1070
3011
1589
5837
-476
7584
1509
-4871
3709
9483
5027
5970
2063
8545
686
-3914
7555
7102
5422
-2455
-1750
6311
348
-4892
3912
8377
8729
3036
8528
-1412
4734
3590
744
-4276
8949
5143
2132
-3328
6769
-1311
2078
5503
-301
-1164
-1759
5687
4196
5422
9128
3933
8399
-1090
7220
6801
6162
1431
-324
-2124
-4871
-2660
5587
-4163
6363
-2125
5576
27
8045
9146
4407
-909
5586
4176
2939
8632
-3042
6665
6729
6441
1212
6649
5700
-269
6291
7255
4969
107
9977
1290
-1557
-63
1446
7810
-867
-3136
7849
7813
9672
2736
3903
-1299
477
4818